,member,friend
0,143589379,16789107
1,143589379,3112757
2,94240773,41489484
3,195330056,185122935
4,169115733,416055200
5,301498518,18678716
6,301498518,1088007
7,75858193,283629
8,164116,7319306
9,164116,1093349
10,303235448,195262422
11,269582837,246346699
12,173376072,38400950
13,270008911,80561015
14,270008911,35689279
15,224854670,621466334
16,11633303,716648449
17,11633303,62227179
18,11633303,336613229
19,11633303,386264911
20,11633303,30415959
21,11633303,38326873
22,4457176,259336448
23,4457176,3968673
24,4457176,412424738
25,4457176,606824484
26,4457176,309349767
27,4457176,5769353
28,4457176,7218643
29,4457176,1824566
30,4457176,36343226
31,4457176,5410078
32,7996152,1093349
33,39879422,75981681
34,39879422,4230699
35,2687747,10953616
36,51610376,169909642
37,51610376,366427701
38,51610376,50765854
39,51610376,330276967
40,62620477,141374441
41,62620477,85831806
42,62620477,451472559
43,40862596,15132312
44,37847945,25015201
45,820275,929528
46,820275,3449397
47,820275,94493061
48,261981318,290297959
49,229409928,328921034
50,229409928,112597435
51,72746123,164259424
52,39027852,13163380
53,47908068,41702515
54,89818414,866063
55,329516350,221638419
56,329516350,248695909
57,36832632,32362616
58,54134146,324724048
59,10552754,81714696
60,49481138,394263401
61,49481138,23356014
62,308774454,221638419
63,156960314,64519688
64,15664736,251971448
65,58984095,65654391
66,231409363,327323395
67,508397277,306143620
68,508397277,86451557
69,14780179,20908198
70,952087,7481056
71,952087,5909698
72,952087,2769126
73,952087,62227179
74,952087,1151123
75,952087,186055867
76,2983761,3535525
77,457803675,293268816
78,457803675,112122172
79,1279908,48852572
80,181831594,6261123
81,494110702,369007105
82,1476634,497726099
83,1476634,3828159
84,236324898,331095352
85,112199769,133383172
86,152209569,38492722
87,16910499,17811868
88,20908198,9549572
89,20908198,2350532
90,20908198,17226444
91,20908198,83312334
92,20908198,14780179
93,20908198,1102391
94,30542044,7721121
95,220694782,25617000
96,213944584,26073250
97,147851529,17226444
98,95127864,3534755
99,5146946,15649404
100,149031300,52384848
101,149031300,318274995
102,2361787,418197920
103,26053061,38906260
104,26053061,138227989
105,77826547,133984416
106,77826547,526583526
107,77826547,56454249
108,77826547,214705481
109,77826547,138912781
110,77826547,81416529
111,77826547,20896279
112,167643635,8571344
113,167643635,190500229
114,167643635,623944262
115,330298,32561290
116,6621755,188745728
117,6621755,264111317
118,6621755,290183061
119,258345573,64059170
120,7670373,1011906
121,7670373,10664548
122,7670373,6215719
123,7670373,26399081
124,7670373,21737611
125,7670373,24124716
126,7670373,379949265
127,7670373,75981681
128,7670373,9630549
129,7670373,244460919
130,178686574,75981681
131,319097507,77801075
132,319097507,16848735
133,172133035,258082529
134,14715620,207010828
135,14715620,6082574
136,223513392,19217771
137,223513392,259153582
138,12487531,507130913
139,5540797,6601257
140,42077195,968648
141,42077195,72959789
142,42077195,83312334
143,528157704,27742578
144,528157704,27169275
145,182651976,24124716
146,26545304,192816119
147,512822512,276274279
148,160730412,309349767
149,39128446,36752432
150,319098248,19217771
151,37129728,15315744
152,150408767,184667891
153,150408767,141487468
154,150408767,336934237
155,3149381,423989841
156,5803655,3752263
157,275910338,15801338
158,30576360,183730746
159,88182586,10209472
160,65441664,3882416
161,65441664,3193885
162,147689348,373849099
163,147689348,241946190
164,314347403,240688203
165,102331,29149185
166,102331,1322249
167,102331,35689279
168,8458237,84989254
169,531861502,317922496
170,166858754,423654832
171,291541185,17428930
172,291541185,674146
173,291541185,9549572
174,291541185,37002224
175,291541185,1102391
176,21270727,12995620
177,139202830,5909698
178,139202830,53323021
179,13504944,4035851
180,295375333,421605714
181,187241010,20033834
182,1839735,621766
183,20943527,60178809
184,12948207,181780665
185,12948207,8776219
186,185799412,476700406
187,76944152,122190234
188,602739538,134385345
189,602739538,247407614
190,175903646,31897976
191,175903646,114957410
192,175903646,4600708
193,103781348,245509679
194,45487092,4007057
195,2266239,137450081
196,416650374,18571438
197,41555078,7491322
198,216044735,133738723
199,216044735,330356031
200,203035878,64201319
201,124294561,7687837
202,106370466,174438946
203,77043107,7201280
204,77043107,34349678
205,77043107,54927380
206,77043107,72724532
207,77043107,124106424
208,77043107,55450683
209,458200484,159746343
210,259364309,137276032
211,624137819,133416928
212,191895187,133167442
213,14194325,13325125
214,3020492,275477543
215,273979151,191035735
216,39622420,151205065
217,285480732,395305264
218,285480732,241958225
219,285480732,497726099
220,285480732,185122935
221,285480732,13839227
222,16848735,319097507
223,13539169,95087719
224,44144531,9088512
225,44144531,78435823
226,44144531,1102391
227,475043832,556048077
228,7641136,12759280
229,61413465,174118281
230,61413465,4035851
231,67147925,297861824
232,67147925,20766868
233,188749979,15856152
234,188749979,248036775
235,94476522,18466517
236,94476522,105169942
237,34969837,140763109
238,17013048,10099533
239,72456508,144803117
240,4626815,3147322
241,4626815,18711286
242,28187053,5421984
243,28187053,75981681
244,28187053,8282578
245,28187053,35737147
246,116529583,145095261
247,26417662,6230472
248,26417662,10632392
249,369007105,33583379
250,369007105,367366852
251,369007105,494110702
252,1088007,17428930
253,1088007,307729224
254,1088007,9699529
255,1088007,19217771
256,1088007,5874137
257,1088007,29938421
258,1088007,301498518
259,1088007,1076439
260,1088007,15330680
261,1088007,60178809
262,1088007,156141086
263,12819063,110358225
264,127310504,866063
265,403151529,547741931
266,12491435,122309032
267,301740,267209119
268,269071,309349767
269,263199677,110247908
270,22518773,179580225
271,22518773,18422099
272,15801338,275910338
273,465918,179171691
274,465918,5343446
275,61643832,214399405
276,17865784,18534730
277,55450683,1115272
278,55450683,77043107
279,99916872,55533367
280,50994301,48205216
281,50994301,174194
282,50994301,183116083
283,50994301,8375076
284,229121237,332093194
285,327851302,156716980
286,28548537,73064771
287,7609,17877824
288,7609,2093347
289,7609,1213157
290,7609,1115272
291,7609,5662537
292,7609,18863017
293,7609,611966
294,7609,19217771
295,7609,69356397
296,7609,134236081
297,7609,174194
298,7609,14661234
299,7609,8019
300,7609,15742645
301,7609,9559
302,7609,62396508
303,7609,56481150
304,5185004,1151123
305,465346092,4230699
306,265199158,315969029
307,7937591,630313456
308,7937591,66505971
309,7937591,200724596
310,7937591,3230877
311,102768227,9367985
312,102768227,131815297
313,102768227,715108284
314,102768227,312409519
315,110272105,21709890
316,110272105,9941363
317,110272105,50470814
318,110272105,14672919
319,35266219,429343083
320,34741944,64664058
321,466724,161536440
322,466724,12759134
323,42737447,427118456
324,42737447,175218575
325,105619241,9609319
326,16686939,33800931
327,16686939,184048885
328,16686939,65370791
329,164306802,3378913
330,240197567,95979250
331,140550141,88388008
332,140550141,21703073
333,140550141,335072762
334,140550141,8729495
335,513548288,83951872
336,513548288,417299139
337,513548288,364834654
338,523837445,563314521
339,7020648,67192640
340,7020648,15907385
341,700817511,370460667
342,4268293,1289585
343,4268293,12324955
344,4464962,590210345
345,4464962,19823378
346,4464962,291391077
347,4464962,435640517
348,4399480,37002224
349,60629378,110247908
350,60629378,93830701
351,5874137,17428930
352,5874137,1088007
353,5874137,307729224
354,5874137,99481261
355,5874137,156204625
356,9314838,307729224
357,9314838,1931289
358,9314838,375834564
359,59646567,152674381
360,64201319,139507464
361,64201319,203035878
362,20554454,8374978
363,10953616,2687747
364,10953616,309349767
365,10953616,66321609
366,10953616,4130451
367,10953616,5343446
368,10953616,825851
369,122364819,11449614
370,122364819,54127479
371,92808164,69948051
372,24683499,153856891
373,346367021,282807762
374,208118857,3594980
375,208118857,163820244
376,208118857,19195131
377,1123447,484423996
378,1123447,47419518
379,7644291,331210561
380,7644291,327323395
381,192750888,265446684
382,235676976,158091212
383,235676976,146604660
384,285091194,527669258
385,36775373,5769353
386,36775373,60626719
387,33793615,89388796
388,33793615,18500037
389,84420177,2135592
390,84420177,172912926
391,25798291,171962468
392,466298521,448122250
393,7481056,952087
394,140781348,4478976
395,26650514,240033087
396,26650514,83312334
397,26650514,19398278
398,26650514,84785935
399,2729962,101905986
400,2729962,6127677
401,2729962,4753325
402,322283582,3851514
403,299706566,245806165
404,16722221,62382560
405,16722221,75981681
406,16722221,244460919
407,253077896,32691802
408,253077896,293174
409,220375519,71887603
410,444082776,3960945
411,16296547,297861824
412,118008435,499765068
413,118008435,1102391
414,52046451,88750397
415,183118582,8571344
416,312159112,12026032
417,11742096,176450753
418,11742096,167173226
419,11742096,4230699
420,11742096,206937851
421,448801681,74151679
422,413477847,383006931
423,514370572,20304152
424,71740573,245070146
425,162016474,174579026
426,139242800,38934010
427,268741944,347967460
428,7646578,4299819
429,7646578,1151123
430,7646578,41816117
431,7646578,3379830
432,244460919,62382560
433,244460919,5421984
434,244460919,15856832
435,244460919,5122787
436,244460919,13581988
437,244460919,7670373
438,244460919,9549572
439,244460919,18571201
440,244460919,16722221
441,244460919,5891695
442,244460919,707355
443,133410238,122190234
444,133410238,495117310
445,133410238,175229703
446,143633864,424764513
447,559984136,20896279
448,214871652,135294207
449,239545956,20896279
450,306932,360344
451,306932,41161
452,194424567,135230749
453,929528,820275
454,929528,110769789
455,929528,244538695
456,8892314,599982704
457,8892314,10345812
458,139669407,397999410
459,40480738,139908654
460,40480738,1151123
461,40480738,6926573
462,40480738,3474371
463,390574124,3150052
464,390574124,9237726
465,390574124,568474815
466,72724532,262370252
467,72724532,77043107
468,72724532,4774308
469,85831806,62620477
470,85831806,193313533
471,152875141,1010272
472,162672774,424890787
473,210972807,476700406
474,206745855,1581162
475,206745855,2073707
476,16757060,97214346
477,44282227,13220494
478,9941363,21709890
479,9941363,549067876
480,9941363,309349767
481,9941363,476044968
482,9941363,46304393
483,9941363,110272105
484,9941363,12235349
485,9941363,18088181
486,9941363,14672919
487,9941363,50470814
488,19444149,44893028
489,64664058,34741944
490,64664058,36343226
491,64664058,134274189
492,504356,39558849
493,504356,5909698
494,504356,6541121
495,504356,139908654
496,504356,20643033
497,504356,156141086
498,504356,618354207
499,178893350,12206747
500,14594752,52384848
501,440054529,7675514
502,440054529,571475421
503,13349635,13984270
504,668463,88467137
505,2765620,4230699
506,2765620,29938421
507,2765620,139908654
508,98874231,61238473
509,98874231,60140942
510,98874231,527551632
511,98874231,5233203
512,98874231,483799285
513,4600708,114957410
514,4600708,316984263
515,4600708,331941898
516,4600708,217701880
517,4600708,502109
518,4600708,175903646
519,4600708,398514079
520,181810055,577650550
521,181810055,219386254
522,20034485,7236799
523,357512129,3378913
524,357512129,339021238
525,132396024,752915
526,1651780,84392
527,33207419,78756800
528,325694704,612297454
529,68170993,22029267
530,50967840,78992576
531,50967840,586410
532,50967840,6683207
533,18036002,48205216
534,18036002,204525894
535,18036002,2112775
536,18036002,309349767
537,18036002,191354854
538,18036002,139908654
539,18036002,56845104
540,18036002,1773937
541,18036002,138368758
542,18036002,93310139
543,18036002,4077500
544,18036002,156141086
545,274183527,510533834
546,274183527,307621892
547,244757924,216712328
548,210417,91602995
549,132756979,125842969
550,132756979,134266471
551,132756979,3532964
552,132756979,12906919
553,28423669,120174513
554,28423669,231494883
555,125842969,307729224
556,125842969,132756979
557,125842969,12906919
558,311014936,252184613
559,320747037,389657363
560,320747037,385598139
561,135837415,2295504
562,518338292,506352565
563,62371675,98764922
564,62371675,8019
565,36714335,56188680
566,38123364,42782382
567,38123364,312409519
568,120174513,231494883
569,120174513,28423669
570,383006931,592999768
571,383006931,413477847
572,383006931,135294207
573,84982051,75981681
574,84982051,197797484
575,8993133,18665725
576,3258735,274762130
577,40221040,4230699
578,40221040,29938421
579,40221040,139908654
580,40221040,77724151
581,3226026,11485331
582,112081396,269785108
583,15415808,10209472
584,178076238,283465231
585,456309385,98828553
586,13220494,78889680
587,13220494,44282227
588,13220494,37268820
589,13220494,21402137
590,13220494,70975610
591,218708650,141982126
592,434780909,293914363
593,183515921,307729224
594,183515921,82074401
595,81705764,140000219
596,522468136,160558109
597,87964492,274805570
598,224213887,45475075
599,34159493,32832787
600,34159493,1375039
601,8305546,8753559
602,78756800,256739314
603,78756800,33207419
604,139639799,94624066
605,139639799,215576245
606,3193885,65441664
607,3193885,187790881
608,3193885,135294207
609,16137262,202127265
610,16137262,7687837
611,16137262,151580550
612,3554351,3787435
613,2604176,810217
614,568474815,13257856
615,568474815,17428930
616,568474815,15745092
617,568474815,3150052
618,568474815,243065668
619,568474815,4230699
620,568474815,390574124
621,568474815,98764922
622,568474815,48852572
623,568474815,852670
624,449821887,242285083
625,269499645,83951872
626,269499645,364834654
627,89374008,69605915
628,182435200,142236663
629,43924917,104962185
630,43924917,38579698
631,43924917,38930003
632,13516231,454386650
633,151797252,37200842
634,191020681,112455667
635,191020681,27644190
636,242040584,127614338
637,286048009,65647383
638,115785581,2769126
639,115785581,249532264
640,115785581,75981681
641,115785581,4818004
642,115785581,151143548
643,577650550,155924301
644,577650550,181810055
645,6275011,1151123
646,6275011,19929356
647,204750792,1093349
648,330448907,117015582
649,104153101,66876326
650,104153101,9237726
651,1654891,251098440
652,49594536,54490277
653,2769126,108444681
654,2769126,38333833
655,2769126,2734480
656,2769126,1151123
657,2769126,2900118
658,2769126,20896279
659,2769126,952087
660,2769126,156141086
661,2769126,504356
662,2769126,38884773
663,2769126,516520
664,2769126,4230699
665,2769126,139908654
666,2769126,254298675
667,2769126,41022522
668,2769126,39558849
669,2769126,5909698
670,2769126,66321609
671,2769126,654813
672,2769126,56454249
673,2769126,115785581
674,2769126,3379830
675,2769126,22291446
676,2769126,138368758
677,2769126,825851
678,2769126,151143548
679,100286697,12106917
680,60899644,1683920
681,431112724,10067280
682,10699356,18251707
683,133546712,184667891
684,133546712,336934237
685,33800931,135149340
686,33800931,214705481
687,33800931,114325139
688,33800931,29938421
689,33800931,90724981
690,33800931,112927066
691,33800931,16686939
692,33800931,119429596
693,39109351,39558849
694,39109351,60140942
695,39109351,76505817
696,39109351,27188378
697,39109351,825851
698,39109351,151143548
699,39109351,6127677
700,147211031,528756005
701,174769002,9549572
702,174769002,15742645
703,174769002,1102391
704,678052783,316984263
705,678052783,782099
706,678052783,19217771
707,678052783,20934959
708,16892852,75981681
709,39666612,56733683
710,85115893,36611368
711,50512889,169024897
712,50512889,456426423
713,5751928,63763073
714,5751928,3378913
715,5751928,59753096
716,5751928,95255531
717,5751928,12560435
718,5751928,8342940
719,151143548,115785581
720,151143548,2769126
721,151143548,39109351
722,76989622,92130864
723,3851514,322283582
724,71648520,11762370
725,71648520,4104294
726,71648520,309349767
727,71648520,19782128
728,71648520,49695357
729,71648520,74151679
730,10601797,449680867
731,165234084,68317976
732,165234084,45475075
733,407848576,320189127
734,19220180,696715
735,19220180,110742668
736,18466517,94476522
737,23774981,75981681
738,23774981,3950294
739,134236081,7609
740,16599032,366038707
741,16599032,25055708
742,255412218,19145009
743,370460667,700817511
744,216811559,1861767
745,140167209,159552724
746,337627275,10209472
747,337627275,167173226
748,337627275,4230699
749,337627275,153217612
750,337627275,120157291
751,337627275,309453915
752,10799246,89289671
753,10209472,15415808
754,10209472,4747112
755,10209472,50032905
756,10209472,120157291
757,10209472,337627275
758,10209472,88182586
759,9488619,297776456
760,9488619,66321609
761,9488619,139908654
762,9488619,60140942
763,9488619,275128
764,9488619,47777976
765,11094314,2524599
766,41961838,191035735
767,267209119,301740
768,8571344,26135268
769,8571344,167643635
770,8571344,183118582
771,8571344,263121752
772,8571344,21402137
773,7784993,33157745
774,152029730,271061517
775,246729252,159396556
776,300960354,66684006
777,56412772,1319876
778,88591060,93310139
779,27380510,212659002
780,8375076,183116083
781,8375076,50994301
782,69356397,7609
783,69356397,14661234
784,69356397,153856891
785,69356397,1213157
786,14044013,15321903
787,663898993,163953399
788,325110710,186478168
789,325110710,11429670
790,325110710,18048533
791,325110710,239889990
792,1330109,45475075
793,1330109,150741199
794,26069949,181780665
795,26069949,7788195
796,26069949,3655855
797,147508160,120810888
798,147508160,112927066
799,147508160,22912507
800,147508160,89182534
801,3722252,137791724
802,377900108,335716133
803,457067635,339021238
804,281627771,517712869
805,740518,242188039
806,106220719,438657321
807,106220719,154639127
808,16796914,152281096
809,16796914,13839227
810,16796914,16379439
811,66505971,5421984
812,66505971,5816003
813,66505971,7869740
814,66505971,819180
815,66505971,200724596
816,66505971,7937591
817,171855100,42782382
818,171855100,77854726
819,21122351,17737446
820,499338553,204565718
821,136662421,274805570
822,136662421,4118979
823,64638360,12922176
824,8342940,5751928
825,8342940,3378913
826,335072762,140550141
827,335072762,491947357
828,335072762,10714606
829,315969029,265199158
830,315969029,269299975
831,3001927,15742645
832,3001927,1309359
833,36818586,497815586
834,21319433,115961902
835,483610525,135914028
836,14569466,137185721
837,6082574,328804193
838,6082574,5122787
839,6082574,14715620
840,6082574,207010828
841,6082574,2440750
842,6082574,1151123
843,6082574,9630549
844,6082574,93509308
845,173789261,159172442
846,173789261,3953084
847,82301081,34166417
848,82301081,1405765
849,82301081,9501654
850,13258958,12125841
851,20304152,19499067
852,20304152,514370572
853,103600457,367595887
854,18534730,17865784
855,269570383,44874112
856,269570383,160492
857,81416529,39558849
858,81416529,77826547
859,27742578,528157704
860,27742578,32234732
861,27742578,54133470
862,424890787,162672774
863,1397162,307729224
864,1397162,80426742
865,140038634,37002224
866,140038634,1102391
867,4149740,27149057
868,4149740,8395301
869,106910191,389657363
870,13652464,136212667
871,14209577,174180057
872,1102391,225288833
873,1102391,199494788
874,1102391,9549572
875,1102391,195238150
876,1102391,309349767
877,1102391,323482121
878,1102391,110742668
879,1102391,44144531
880,1102391,14564248
881,1102391,20908198
882,1102391,24124716
883,1102391,99317812
884,1102391,153335353
885,1102391,291541185
886,1102391,2350532
887,1102391,24751685
888,1102391,83312334
889,1102391,6672091
890,1102391,48852572
891,1102391,54133470
892,1102391,174769002
893,1102391,140038634
894,1102391,78435823
895,1102391,37002224
896,1102391,118008435
897,1102391,29938421
898,1102391,251885181
899,152851056,13695657
900,152851056,6261123
901,152851056,10272940
902,323834486,234522400
903,323834486,116649627
904,323834486,24490467
905,380129916,380164270
906,328356540,521362458
907,240308931,4748971
908,5493514,16262309
909,152294226,156428418
910,152294226,176335502
911,385373015,8701467
912,6443944,21065672
913,6443944,96568900
914,506352565,518338292
915,339039329,18175059
916,339039329,4202175
917,225170540,307729224
918,219796714,147412311
919,16143671,84390613
920,16143671,52833333
921,16143671,52598055
922,210294076,415443629
923,330356031,216044735
924,270882163,183469649
925,1856888,34540530
926,8279416,11824844
927,8279416,8214047
928,232314391,40347939
929,155801170,151525505
930,32691802,253077896
931,252466856,4035851
932,252466856,80426742
933,169629365,255998832
934,169629365,98764922
935,169629365,116649627
936,169629365,40775447
937,196466479,74089026
938,196466479,371329412
939,131815297,18083530
940,131815297,102768227
941,131815297,110884415
942,60184718,159172442
943,435640517,4464962
944,435640517,291391077
945,7657675,6073975
946,67262758,171741133
947,4118979,141766884
948,4118979,226910503
949,4118979,249532264
950,4118979,181713867
951,4118979,21165676
952,4118979,16379439
953,4118979,136662421
954,4118979,3379830
955,4118979,77852027
956,4118979,31366909
957,333961681,45045921
958,333961681,95739693
959,333961681,223448302
960,151574994,135393136
961,19782128,71648520
962,19782128,4104294
963,178444784,97186667
964,178444784,148858591
965,138205731,30898547
966,43539025,6672091
967,183523923,14392355
968,183523923,1360628
969,183523923,440631
970,39279188,2266307
971,39279188,144581620
972,39279188,83201317
973,875172,3014374
974,43145893,2600780
975,43145893,4104294
976,237755099,215540553
977,3594980,208118857
978,3594980,298388506
979,3594980,11832341
980,23255844,64144596
981,23255844,27644190
982,23255844,21094775
983,95181710,182659448
984,95181710,112846862
985,391273408,62776015
986,281205708,511492179
987,18537541,9549572
988,18537541,12288805
989,18537541,54133470
990,18537541,78435823
991,146725960,324724048
992,8739954,21425049
993,87383227,107187594
994,321838366,80426742
995,51895742,120081382
996,246013379,311345360
997,217701880,307729224
998,217701880,1170395
999,217701880,4600708
1000,166485500,38106337
1001,166485500,1722951
1002,307224128,692313731
1003,614067,360344
1004,266919610,59753096
1005,266919610,10917172
1006,476700406,135294207
1007,476700406,210972807
1008,476700406,98828553
1009,476700406,209733291
1010,476700406,185799412
1011,476700406,15723259
1012,476700406,331989567
1013,261021495,89245122
1014,261021495,144994087
1015,354180920,297652390
1016,331210561,7644291
1017,7200628,15184400
1018,7200628,137749263
1019,70115243,16379439
1020,302211084,15315744
1021,156983462,199378842
1022,156983462,325623084
1023,226910503,4118979
1024,226910503,16379439
1025,438657321,106220719
1026,122511711,132562002
1027,20668775,142792600
1028,338649524,75981681
1029,338649524,9894756
1030,139518401,58686058
1031,56222145,80561015
1032,97280608,153968949
1033,97280608,176008861
1034,80405164,16228367
1035,16868014,22684419
1036,16868014,70339233
1037,16868014,28504643
1038,8512238,141687786
1039,8512238,107962572
1040,8512238,110742668
1041,243065668,83312334
1042,243065668,568474815
1043,39707534,55804786
1044,39707534,383472902
1045,16835528,297768306
1046,16835528,166467595
1047,16835528,134274189
1048,16835528,4691726
1049,3204044,17428930
1050,14672919,110272105
1051,14672919,21709890
1052,14672919,9941363
1053,14672919,50470814
1054,424764513,143633864
1055,24863847,5816003
1056,13722784,439187967
1057,382428326,476292473
1058,382428326,54287409
1059,19195131,208118857
1060,19195131,163820244
1061,590210345,19823378
1062,590210345,291391077
1063,590210345,4464962
1064,976181,516520
1065,96396605,275803681
1066,208233865,231905669
1067,81159630,371329412
1068,552527318,133416928
1069,552527318,342809835
1070,207873527,62478451
1071,164259424,72746123
1072,158230201,282958922
1073,158230201,126406819
1074,158230201,229838516
1075,158230201,147638268
1076,10315536,18678716
1077,147515218,118855682
1078,250832779,14839469
1079,113240022,172976165
1080,13199391,30765540
1081,450619425,203378704
1082,4089955,29842527
1083,146237560,8282578
1084,33908857,4056441
1085,33908857,12324955
1086,33908857,4077500
1087,33908857,83312334
1088,7923898,85579393
1089,7923898,3147322
1090,7923898,1076439
1091,90728765,64633646
1092,2746760,297861824
1093,10742170,20828554
1094,317647260,314450222
1095,202598872,260551715
1096,202598872,110884415
1097,99674644,249141122
1098,99674644,9630549
1099,8776219,12948207
1100,153217612,309453915
1101,153217612,337627275
1102,77458006,9146034
1103,77458006,67211486
1104,72051344,32522037
1105,162949819,192472940
1106,15723259,17933699
1107,15723259,10082002
1108,15723259,13345202
1109,15723259,476700406
1110,15723259,8988031
1111,34138964,211165392
1112,34138964,307729224
1113,263121752,45630608
1114,263121752,8571344
1115,196176732,241001705
1116,519057,92304693
1117,21425049,6792579
1118,21425049,41022522
1119,21425049,309349767
1120,21425049,516520
1121,21425049,3902153
1122,21425049,51554891
1123,21425049,818413
1124,21425049,139908654
1125,21425049,8739954
1126,21425049,1151123
1127,21425049,162207220
1128,21425049,22291446
1129,21425049,152748506
1130,21425049,13839227
1131,21425049,31437532
1132,21425049,29842527
1133,83258272,7687837
1134,13659109,38326873
1135,160558109,522468136
1136,160558109,4782129
1137,14281766,122975402
1138,14281766,2440750
1139,617560,20643033
1140,617560,4230699
1141,10415196,5233203
1142,141257897,225650112
1143,141257897,51854834
1144,141257897,78796651
1145,47672682,162679483
1146,243035498,7582150
1147,6450654,35770430
1148,6450654,79709287
1149,94334437,4035851
1150,94334437,29857313
1151,94334437,743078163
1152,94334437,232839121
1153,16379439,4118979
1154,16379439,226910503
1155,16379439,181713867
1156,16379439,70115243
1157,16379439,16796914
1158,16379439,15458356
1159,186478168,325110710
1160,186478168,239889990
1161,48852572,181780665
1162,48852572,3150052
1163,48852572,13533059
1164,48852572,49336134
1165,48852572,1279908
1166,48852572,7582150
1167,48852572,58053385
1168,48852572,4077500
1169,48852572,4259767
1170,48852572,14616212
1171,48852572,1102391
1172,48852572,153335353
1173,48852572,20809786
1174,48852572,119429596
1175,48852572,15649404
1176,48852572,9237726
1177,48852572,568474815
1178,13168223,29938421
1179,13168223,139908654
1180,13168223,26079423
1181,49901224,10893792
1182,49901224,882756
1183,49901224,6027453
1184,49901224,4691726
1185,86175402,63615675
1186,9367275,114424720
1187,345829103,560003714
1188,196308720,4650781
1189,419655467,495210001
1190,419655467,102750
1191,166063925,91378378
1192,2879322,32234732
1193,2879322,549067876
1194,2879322,49460381
1195,2879322,309349767
1196,364834654,513548288
1197,364834654,417299139
1198,364834654,124106424
1199,364834654,269499645
1200,364834654,83254013
1201,211578786,204525894
1202,3534755,95127864
1203,3534755,28861854
1204,307556330,8395301
1205,83357738,169409291
1206,115961902,21319433
1207,23818353,5494039
1208,3960945,444082776
1209,13889655,189411289
1210,367358073,153818219
1211,1011906,7670373
1212,50032905,10209472
1213,50032905,174194
1214,50032905,1632805
1215,50032905,22485950
1216,33583379,369007105
1217,39940427,29834520
1218,39940427,511433
1219,584151376,274225179
1220,258601361,77314696
1221,258601361,17408654
1222,12906919,125842969
1223,12906919,132756979
1224,12906919,353369207
1225,9367985,7154971
1226,9367985,20542619
1227,9367985,9237726
1228,9367985,102768227
1229,34730501,53942436
1230,34730501,17254439
1231,17494595,1151123
1232,14807672,22179914
1233,63763073,5751928
1234,63763073,3378913
1235,63763073,108131100
1236,18903736,1360628
1237,946939,15742645
1238,946939,7582150
1239,114651904,186958901
1240,156332853,39218747
1241,156332853,62227179
1242,649196415,649222856
1243,38400950,173376072
1244,684989,171609448
1245,89289671,10799246
1246,246346699,269582837
1247,262370252,72724532
1248,508621834,171609448
1249,16053331,196628805
1250,20542619,9367985
1251,248902815,139155613
1252,593917157,649222856
1253,593917157,610527458
1254,92304693,519057
1255,92304693,190151501
1256,463762743,275770678
1257,99120538,8832655
1258,5830114,9436488
1259,5830114,77768624
1260,5830114,656748990
1261,207451620,178812047
1262,467432947,261827809
1263,467432947,56454249
1264,467432947,50862699
1265,467432947,5343446
1266,467432947,183007199
1267,110884415,202598872
1268,110884415,131815297
1269,125957762,184978714
1270,125957762,10649235
1271,125957762,17408654
1272,125957762,135294207
1273,6747854,41161
1274,89388796,33793615
1275,133625597,122190234
1276,74151679,90197408
1277,74151679,3968673
1278,74151679,153193444
1279,74151679,71648520
1280,74151679,5769353
1281,74151679,448801681
1282,74151679,5410078
1283,19887879,13345202
1284,58095370,7355572
1285,58095370,153193444
1286,450492262,188814184
1287,3831721,75981681
1288,1505286,3889372
1289,23820464,53723296
1290,23820464,12833056
1291,23820464,20143323
1292,109705474,86912035
1293,31062280,16789107
1294,606239042,46253340
1295,144243158,24124716
1296,144243158,346606597
1297,144243158,54133470
1298,144243158,134528677
1299,9664983,79709287
1300,242285083,449821887
1301,4389404,25320384
1302,4389404,4535489
1303,4389404,9075477
1304,145095261,116529583
1305,65370791,16686939
1306,9894756,75981681
1307,9894756,338649524
1308,394263401,49481138
1309,394263401,7582150
1310,394263401,23356014
1311,250870685,65654391
1312,69073896,287155706
1313,7044114,48205216
1314,7044114,224077580
1315,6257689,5437554
1316,6257689,19929356
1317,6257689,2390031
1318,124255324,6044730
1319,124255324,3449397
1320,61701213,17219459
1321,267680944,3535525
1322,267680944,314594071
1323,267680944,32357746
1324,267680944,476724695
1325,267680944,120252154
1326,186055867,19217771
1327,186055867,75981681
1328,186055867,77801075
1329,186055867,952087
1330,186055867,7675514
1331,20643033,5909698
1332,20643033,504356
1333,20643033,38333833
1334,20643033,1797041
1335,20643033,617560
1336,20643033,19364347
1337,20643033,70361182
1338,18218267,33775250
1339,18218267,79709287
1340,2325874,36505000
1341,312409519,94895041
1342,312409519,102768227
1343,312409519,38123364
1344,312409519,249211048
1345,312409519,22864494
1346,312409519,3950294
1347,312409519,9237726
1348,10714606,335072762
1349,10255914,9237726
1350,174718507,120810888
1351,265256502,119429596
1352,265256502,228050589
1353,297074296,386829716
1354,242188039,78992576
1355,242188039,75981681
1356,242188039,20431021
1357,242188039,740518
1358,499777289,365217744
1359,15007621,79095515
1360,15007621,3871061
1361,163721,342050
1362,479133640,353749888
1363,479133640,576347593
1364,518881240,519830596
